dist	sigma	ibd	ibdcorr	r
Gamma_0.5	1	0.386005025126	0.189043281964	1
Gamma_0.5	1	0.341542713568	0.130424863951	2
Gamma_0.5	1	0.32064321608	0.102871423542	3
Gamma_0.5	1	0.307010050251	0.0848313970171	4
Gamma_0.5	1	0.297185929648	0.0718542451033	5
Gamma_0.5	1	0.288874371859	0.0608935664736	6
Gamma_0.5	1	0.281336683417	0.0505345900466	7
Gamma_0.5	1	0.275452261307	0.0434933033119	8
Gamma_0.5	1	0.270206030151	0.0362648123373	9
Gamma_0.5	1	0.266326633166	0.0315144918917	10
Gamma_0.5	1	0.261427135678	0.0253143901918	11
Gamma_0.5	1	0.256492462312	0.0184324867186	12
Gamma_0.5	1	0.254552763819	0.0161028264415	13
Gamma_0.5	1	0.251115577889	0.0113983258769	14
Gamma_0.5	1	0.248035175879	0.00718641106697	15
Gamma_0.5	1	0.246045226131	0.00483026795623	16
Gamma_0.5	1	0.242628140704	0.000525261176299	17
Gamma_0.5	1	0.241216080402	-0.00153271913964	18
Gamma_0.5	1	0.239361809045	-0.00341242020672	19
Gamma_0.5	1	0.23667839196	-0.00717618774826	20
Gamma_0.5	1	0.236768844221	-0.00727301402969	21
Gamma_0.5	1	0.233231155779	-0.0117401758788	22
Gamma_0.5	1	0.231381909548	-0.0144113358034	23
Gamma_0.5	1	0.229407035176	-0.0168911406908	24
Gamma_0.5	1	0.228497487437	-0.0183817109741	25
Gamma_0.5	1	0.226537688442	-0.0207762341659	26
Gamma_0.5	1	0.226422110553	-0.0211836679556	27
Gamma_0.5	1	0.226095477387	-0.0215715619807	28
Gamma_0.5	1	0.223849246231	-0.0245633413502	29
Gamma_0.5	1	0.221497487437	-0.0272685525734	30
Gamma_0.5	1	0.221120603015	-0.0275262860642	31
Gamma_0.5	1	0.220487437186	-0.0287507771169	32
Gamma_0.5	1	0.219251256281	-0.0300586573072	33
Gamma_0.5	1	0.218030150754	-0.0317713852831	34
Gamma_0.5	1	0.21875879397	-0.0305998937146	35
Gamma_0.5	1	0.218457286432	-0.0310576452395	36
Gamma_0.5	1	0.217085427136	-0.0329221847417	37
Gamma_0.5	1	0.21732160804	-0.0327944475899	38
Gamma_0.5	1	0.216487437186	-0.0335827469706	39
Gamma_0.5	1	0.215386934673	-0.0355662825638	40
Gamma_0.5	1	0.217	-0.033297006063	41
Gamma_0.5	1	0.214879396985	-0.0360753010307	42
Gamma_0.5	1	0.214587939698	-0.0363726264182	43
Gamma_0.5	1	0.214165829146	-0.0373403319718	44
Gamma_0.5	1	0.214552763819	-0.0364560639076	45
Gamma_0.5	1	0.213130653266	-0.038493978971	46
Gamma_0.5	1	0.213236180905	-0.0382153391318	47
Gamma_0.5	1	0.213929648241	-0.0370876854935	48
Gamma_0.5	1	0.213065326633	-0.0380355683989	49
Gamma_0.5	1	0.212633165829	-0.03864162325	50
Gamma_1	1	0.455371859296	0.253872890554	1
Gamma_1	1	0.410311557789	0.192328255013	2
Gamma_1	1	0.382341708543	0.155173019791	3
Gamma_1	1	0.363934673367	0.130028390803	4
Gamma_1	1	0.349417085427	0.109470640235	5
Gamma_1	1	0.337778894472	0.0939799002716	6
Gamma_1	1	0.325532663317	0.0771322615567	7
Gamma_1	1	0.316979899497	0.0660183607287	8
Gamma_1	1	0.309170854271	0.0552028621717	9
Gamma_1	1	0.301748743719	0.0448276993721	10
Gamma_1	1	0.296195979899	0.0374337036226	11
Gamma_1	1	0.289100502513	0.0276645111644	12
Gamma_1	1	0.284909547739	0.0224443701251	13
Gamma_1	1	0.278788944724	0.0137844313967	14
Gamma_1	1	0.27535678392	0.00912131624361	15
Gamma_1	1	0.271994974874	0.00460808183191	16
Gamma_1	1	0.269396984925	0.000938609512477	17
Gamma_1	1	0.266256281407	-0.00275779701751	18
Gamma_1	1	0.262065326633	-0.00868671737959	19
Gamma_1	1	0.258457286432	-0.0134147134007	20
Gamma_1	1	0.25627638191	-0.0164394961857	21
Gamma_1	1	0.255326633166	-0.0173478538421	22
Gamma_1	1	0.252537688442	-0.0216162208022	23
Gamma_1	1	0.250618090452	-0.0238518506742	24
Gamma_1	1	0.248412060302	-0.0270885805742	25
Gamma_1	1	0.245005025126	-0.0315730602126	26
Gamma_1	1	0.245120603015	-0.0319260939567	27
Gamma_1	1	0.243492462312	-0.0333590952573	28
Gamma_1	1	0.240005025126	-0.038538787821	29
Gamma_1	1	0.238844221106	-0.0396631106628	30
Gamma_1	1	0.236432160804	-0.0428538981831	31
Gamma_1	1	0.23556281407	-0.043932428311	32
Gamma_1	1	0.235502512563	-0.0443004594325	33
Gamma_1	1	0.233954773869	-0.0464688950916	34
Gamma_1	1	0.233216080402	-0.0472598943598	35
Gamma_1	1	0.232211055276	-0.0486093366804	36
Gamma_1	1	0.23083919598	-0.0500051941022	37
Gamma_1	1	0.230572864322	-0.0507535298556	38
Gamma_1	1	0.229778894472	-0.0518258982165	39
Gamma_1	1	0.229185929648	-0.0526592710497	40
Gamma_1	1	0.228728643216	-0.0531844294672	41
Gamma_1	1	0.227522613065	-0.0553892041786	42
Gamma_1	1	0.227030150754	-0.0555042453641	43
Gamma_1	1	0.226713567839	-0.055915278301	44
Gamma_1	1	0.227633165829	-0.0551623086348	45
Gamma_1	1	0.226005025126	-0.0572042235988	46
Gamma_1	1	0.225753768844	-0.0574001736061	47
Gamma_1	1	0.226668341709	-0.0563299912612	48
Gamma_1	1	0.227361809045	-0.0549833095721	49
Gamma_1	1	0.228030150754	-0.0542924622596	50
Gamma_2	1	0.486206030151	0.308606032931	1
Gamma_2	1	0.43740201005	0.242896417129	2
Gamma_2	1	0.403055276382	0.197053452578	3
Gamma_2	1	0.377708542714	0.163171045193	4
Gamma_2	1	0.358497487437	0.137456858068	5
Gamma_2	1	0.342974874372	0.116344371263	6
Gamma_2	1	0.330422110553	0.0999605083613	7
Gamma_2	1	0.318899497487	0.0845417910693	8
Gamma_2	1	0.308748743719	0.0705974450342	9
Gamma_2	1	0.300537688442	0.0601106801176	10
Gamma_2	1	0.291929648241	0.0481721220307	11
Gamma_2	1	0.285095477387	0.0390105427736	12
Gamma_2	1	0.278728643216	0.0307583078152	13
Gamma_2	1	0.270984924623	0.0203727032579	14
Gamma_2	1	0.267417085427	0.015468545559	15
Gamma_2	1	0.261984924623	0.00799485175543	16
Gamma_2	1	0.257407035176	0.00204664828593	17
Gamma_2	1	0.253497487437	-0.00317177504439	18
Gamma_2	1	0.249145728643	-0.0087603099351	19
Gamma_2	1	0.244989949749	-0.0142665842747	20
Gamma_2	1	0.242592964824	-0.0174540348102	21
Gamma_2	1	0.23927638191	-0.0217847062216	22
Gamma_2	1	0.236829145729	-0.0250050127472	23
Gamma_2	1	0.233376884422	-0.0297670455265	24
Gamma_2	1	0.230909547739	-0.0330153406422	25
Gamma_2	1	0.227904522613	-0.0368734476412	26
Gamma_2	1	0.225050251256	-0.0409138330886	27
Gamma_2	1	0.222979899497	-0.0435348659679	28
Gamma_2	1	0.221045226131	-0.046292428958	29
Gamma_2	1	0.219331658291	-0.0484950745586	30
Gamma_2	1	0.216286432161	-0.0524708213765	31
Gamma_2	1	0.215236180905	-0.0541166426957	32
Gamma_2	1	0.213432160804	-0.0564830947761	33
Gamma_2	1	0.212809045226	-0.0571927035693	34
Gamma_2	1	0.210864321608	-0.0598697675204	35
Gamma_2	1	0.210804020101	-0.0598837716503	36
Gamma_2	1	0.210005025126	-0.0610070552145	37
Gamma_2	1	0.207512562814	-0.0642217438752	38
Gamma_2	1	0.207698492462	-0.0640532375215	39
Gamma_2	1	0.206492462312	-0.0655297691352	40
Gamma_2	1	0.204748743719	-0.0680575649348	41
Gamma_2	1	0.203653266332	-0.069629667715	42
Gamma_2	1	0.202809045226	-0.0708778423345	43
Gamma_2	1	0.201793969849	-0.072158783649	44
Gamma_2	1	0.200894472362	-0.0732665318937	45
Gamma_2	1	0.200195979899	-0.0739423882598	46
Gamma_2	1	0.200236180905	-0.0740237334237	47
Gamma_2	1	0.198582914573	-0.0764740322774	48
Gamma_2	1	0.199095477387	-0.0757102494621	49
Gamma_2	1	0.199879396985	-0.07426657387	50
Gamma_4	1	0.50651758794	0.338961173529	1
Gamma_4	1	0.460407035176	0.277592831903	2
Gamma_4	1	0.420105527638	0.223623035629	3
Gamma_4	1	0.391301507538	0.185265540399	4
Gamma_4	1	0.370733668342	0.157517390187	5
Gamma_4	1	0.35316080402	0.134228397136	6
Gamma_4	1	0.338698492462	0.115240072085	7
Gamma_4	1	0.32475879397	0.0966512652683	8
Gamma_4	1	0.313040201005	0.0812811585485	9
Gamma_4	1	0.304090452261	0.0695485696069	10
Gamma_4	1	0.294005025126	0.0557875593098	11
Gamma_4	1	0.285386934673	0.0442025551872	12
Gamma_4	1	0.279175879397	0.0359189868135	13
Gamma_4	1	0.27127638191	0.0253870327986	14
Gamma_4	1	0.264798994975	0.0166456063884	15
Gamma_4	1	0.259251256281	0.00941719169244	16
Gamma_4	1	0.252964824121	0.00119630619092	17
Gamma_4	1	0.249125628141	-0.00388296154506	18
Gamma_4	1	0.243859296482	-0.0110981313303	19
Gamma_4	1	0.240412060302	-0.0155095301421	20
Gamma_4	1	0.235778894472	-0.0218040102463	21
Gamma_4	1	0.232020100503	-0.0267267457581	22
Gamma_4	1	0.229703517588	-0.0300746231442	23
Gamma_4	1	0.225050251256	-0.0361806381315	24
Gamma_4	1	0.223442211055	-0.0382234084923	25
Gamma_4	1	0.220376884422	-0.0425939687315	26
Gamma_4	1	0.217768844221	-0.0460095259076	27
Gamma_4	1	0.215371859296	-0.0492690368023	28
Gamma_4	1	0.213396984925	-0.0518766762493	29
Gamma_4	1	0.21067839196	-0.0553322429534	30
Gamma_4	1	0.208170854271	-0.058572806566	31
Gamma_4	1	0.204608040201	-0.0638702671226	32
Gamma_4	1	0.20443718593	-0.0638205467072	33
Gamma_4	1	0.20227638191	-0.0666533976875	34
Gamma_4	1	0.200984924623	-0.0685155126449	35
Gamma_4	1	0.199668341709	-0.0701918062052	36
Gamma_4	1	0.197316582915	-0.0735367969426	37
Gamma_4	1	0.196391959799	-0.0744932945241	38
Gamma_4	1	0.196507537688	-0.0741374093844	39
Gamma_4	1	0.195994974874	-0.0745939486813	40
Gamma_4	1	0.194944723618	-0.0761643253686	41
Gamma_4	1	0.194592964824	-0.0765790197876	42
Gamma_4	1	0.193251256281	-0.0784553777673	43
Gamma_4	1	0.192869346734	-0.0791839792994	44
Gamma_4	1	0.192040201005	-0.0802421351205	45
Gamma_4	1	0.191266331658	-0.0813464383859	46
Gamma_4	1	0.191477386935	-0.0809565904913	47
Gamma_4	1	0.191929648241	-0.080517770177	48
Gamma_4	1	0.192778894472	-0.079362671334	49
Gamma_4	1	0.192381909548	-0.0797749313107	50
Gamma_10	1	0.512582914573	0.34141100349	1
Gamma_10	1	0.473100502513	0.288661877037	2
Gamma_10	1	0.428849246231	0.228635164115	3
Gamma_10	1	0.400155778894	0.190758569531	4
Gamma_10	1	0.376095477387	0.157471202557	5
Gamma_10	1	0.359924623116	0.136400540001	6
Gamma_10	1	0.343954773869	0.114424331925	7
Gamma_10	1	0.331683417085	0.0978637540968	8
Gamma_10	1	0.319206030151	0.0808188681527	9
Gamma_10	1	0.30891959799	0.067224859714	10
Gamma_10	1	0.300326633166	0.0555100700348	11
Gamma_10	1	0.291457286432	0.0439441032027	12
Gamma_10	1	0.284753768844	0.0353356773833	13
Gamma_10	1	0.277608040201	0.0254809463239	14
Gamma_10	1	0.270281407035	0.0161464729576	15
Gamma_10	1	0.263748743719	0.00707426564267	16
Gamma_10	1	0.258608040201	0.000537571380981	17
Gamma_10	1	0.254386934673	-0.0051355143421	18
Gamma_10	1	0.248427135678	-0.0133604117919	19
Gamma_10	1	0.244060301508	-0.0189488741455	20
Gamma_10	1	0.240783919598	-0.0232970555732	21
Gamma_10	1	0.237507537688	-0.0275180218038	22
Gamma_10	1	0.233964824121	-0.0323861107071	23
Gamma_10	1	0.230969849246	-0.036181046494	24
Gamma_10	1	0.228412060302	-0.0397173252577	25
Gamma_10	1	0.225336683417	-0.0434890667816	26
Gamma_10	1	0.222708542714	-0.0474270252968	27
Gamma_10	1	0.219844221106	-0.0513425066776	28
Gamma_10	1	0.216572864322	-0.0556694038956	29
Gamma_10	1	0.215070351759	-0.0573491295415	30
Gamma_10	1	0.213010050251	-0.0603534243889	31
Gamma_10	1	0.211824120603	-0.0618909937232	32
Gamma_10	1	0.211547738693	-0.0617474710689	33
Gamma_10	1	0.209050251256	-0.0652917873444	34
Gamma_10	1	0.207150753769	-0.0678846667237	35
Gamma_10	1	0.205552763819	-0.0700324935435	36
Gamma_10	1	0.204658291457	-0.0713301047517	37
Gamma_10	1	0.203417085427	-0.0728471701789	38
Gamma_10	1	0.202105527638	-0.0747822865299	39
Gamma_10	1	0.200467336683	-0.0769580355584	40
Gamma_10	1	0.199633165829	-0.0780855821929	41
Gamma_10	1	0.198783919598	-0.0792848655293	42
Gamma_10	1	0.198477386935	-0.0795498905891	43
Gamma_10	1	0.19783919598	-0.0804434516499	44
Gamma_10	1	0.198100502513	-0.0801440608034	45
Gamma_10	1	0.198728643216	-0.0792911700951	46
Gamma_10	1	0.197175879397	-0.0813464470404	47
Gamma_10	1	0.197185929648	-0.0812956435304	48
Gamma_10	1	0.196296482412	-0.0827869836051	49
Gamma_10	1	0.196844221106	-0.0819299462233	50
